Removed wall region data snapshot
Source files: data/regions.json, data/locations/index.json
Date: 2026-05-12

Removed from data/locations/index.json:
- "the-wall.json"

Removed from data/regions.json:
{
  "id": "the-wall",
  "label": "The Wall",
  "accent1": "rgb(63, 93, 145)",
  "accent2": "rgb(190, 35, 35)",
  "accent3": "rgb(190, 71, 35)",
  "img": "images/wall.png",
  "desc": "A fortified ring around the city interior.",
  "link": "https://example.com/regions/the-wall",
  "accent": "#8b5e34",
  "soft": "rgba(139,94,52,0.10)",
  "overlay": "rgba(139,94,52,0.12)",
  "stroke": "#8b5e34",
  "points": [
    [
      [0,1492],[195,1479],[386,1441],[571,1378],[746,1292],[908,1184],[1055,1055],[1184,908],[1292,746],[1378,571],[1441,386],[1479,195],[1492,0],[1479,-195],[1441,-386],[1378,-571],[1292,-746],[1184,-908],[1055,-1055],[908,-1184],[746,-1292],[571,-1378],[386,-1441],[195,-1479],[0,-1492],[-195,-1479],[-386,-1441],[-571,-1378],[-746,-1292],[-908,-1184],[-1055,-1055],[-1184,-908],[-1292,-746],[-1378,-571],[-1441,-386],[-1479,-195],[-1492,0],[-1479,195],[-1441,386],[-1378,571],[-1292,746],[-1184,908],[-1055,1055],[-908,1184],[-746,1292],[-571,1378],[-386,1441],[-195,1479]
    ],
    [
      [-183,1388],[-362,1352],[-536,1293],[-700,1212],[-852,1111],[-990,990],[-1111,852],[-1212,700],[-1293,536],[-1352,362],[-1388,183],[-1400,0],[-1388,-183],[-1352,-362],[-1293,-536],[-1212,-700],[-1111,-852],[-990,-990],[-852,-1111],[-700,-1212],[-536,-1293],[-362,-1352],[-183,-1388],[0,-1400],[183,-1388],[362,-1352],[536,-1293],[700,-1212],[852,-1111],[990,-990],[1111,-852],[1212,-700],[1293,-536],[1352,-362],[1388,-183],[1400,0],[1388,183],[1352,362],[1293,536],[1212,700],[1111,852],[990,990],[852,1111],[700,1212],[536,1293],[362,1352],[183,1388],[0,1400]
    ]
  ]
}
